0110010
0111000
0111110
1000100
1001010
1001111
1010100
1011000
1011011
1011110
1100001
1100010
1100011
1100100
1100100
1100100
1100011
1100010
1100001
1100000
1011111
1011110
1011101
1011101
1011100
1011100
1011100
1011101
1011110
1011111
1100000
1100001
1100010
1100011
1100100
1100100
1100100
1100100
1100011
1100010
1100000
1011101
1011010
1010110
1010001
1001100
1000111
1000001
0111011
0110101
0101111
0101000
0100010
0011101
0010111
0010010
0001110
0001010
0000111
0000100
0000010
0000001
0000000
0000000
0000000
0000000
0000001
0000010
0000011
0000100
0000101
0000110
0000111
0000111
0000111
0000111
0000111
0000110
0000110
0000101
0000011
0000010
0000001
0000000
0000000
0000000
0000000
0000000
0000001
0000011
0000101
0001000
0001100
0010000
0010101
0011010
0011111
0100101
0101100
0110010