1111010000100100000
111101000010010000
101000101100001011
11110100001001000
11000011010100000
10100010110000101
10001011100000101
1111010000100100
1101100100000100
1100001101010000
1011000110001111
1010001011000011
1001011000111110
1000101110000010
1000001000110101
111101000010010
111001011100100
110110010000010
110011011001100
110000110101000
101110100000010
101100011000111
101010011101011
101000101100001
100111000100000
100101100011111
100100001010111
100010111000001
100001101011001
100000100011011
11111100000001
11110100001001
11101100110000
11100101110010
11011111001110
11011001000001
11010011001010
11001101100110
11001000010101
11000011010100
10111110100011
10111010000001
10110101101100
10110001100100
10101101100111
10101001110110
10100110001110
10100010110001
10011111011100
10011100010000
