0000111
0000101
0000100
0000011
0000010
0000001
0000001
0000000
0000000
0000000
0000000
0000001
0000001
0000010
0000011
0000101
0000110
0001000
0001001
0001011
0001101
0001111
0010010
0010100
0010111
0011010
0011101
0011111
0100010
0100101
0101001
0101100
0101111
0110010
0110101
0111000
0111011
0111111
1000010
1000101
1000111
1001010
1001101
1010000
1010010
1010101
1010111
1011001
1011011
1011100
1011110
1011111
1100001
1100010
1100011
1100011
1100100
1100100
1100100
1100100
1100011
1100011
1100010
1100001
1100000
1011111
1011101
1011100
1011010
1011000
1010110
1010011
1010001
1001110
1001100
1001001
1000110
1000011
1000000
0111101
0111010
0110111
0110100
0110000
0101101
0101010
0100111
0100100
0100001
0011110
0011011
0011000
0010110
0010011
0010001
0001110
0001100
0001010
0001000
0000111
